1.372100000000000080e+02,4.583600000000000136e+02,1.568300000000000125e+02,4.607799999999999727e+02,1.483499999999999943e+02,5.294099999999999682e+02,1.287199999999999989e+02,5.269900000000000091e+02
1.300399999999999920e+02,4.683500000000000227e+02,1.515800000000000125e+02,4.677200000000000273e+02,1.536399999999999864e+02,5.378600000000000136e+02,1.320999999999999943e+02,5.385000000000000000e+02
1.330800000000000125e+02,5.080500000000000114e+02,1.507899999999999920e+02,5.036499999999999773e+02,1.677100000000000080e+02,5.717000000000000455e+02,1.499900000000000091e+02,5.761000000000000227e+02
1.487199999999999989e+02,5.601900000000000546e+02,1.682199999999999989e+02,5.552300000000000182e+02,1.853400000000000034e+02,6.226299999999999955e+02,1.658400000000000034e+02,6.275900000000000318e+02
1.611100000000000136e+02,5.728500000000000227e+02,1.810300000000000011e+02,5.737799999999999727e+02,1.778300000000000125e+02,6.425499999999999545e+02,1.579099999999999966e+02,6.416299999999999955e+02
1.605500000000000114e+02,5.781799999999999500e+02,1.798000000000000114e+02,5.797899999999999636e+02,1.740699999999999932e+02,6.482200000000000273e+02,1.548199999999999932e+02,6.466100000000000136e+02
1.600900000000000034e+02,5.807599999999999909e+02,1.794499999999999886e+02,5.826100000000000136e+02,1.728499999999999943e+02,6.519099999999999682e+02,1.534799999999999898e+02,6.500599999999999454e+02
1.585099999999999909e+02,5.827799999999999727e+02,1.762899999999999920e+02,5.817100000000000364e+02,1.805699999999999932e+02,6.529800000000000182e+02,1.627800000000000011e+02,6.540399999999999636e+02
1.552299999999999898e+02,5.852400000000000091e+02,1.760200000000000102e+02,5.803500000000000227e+02,1.920800000000000125e+02,6.485700000000000500e+02,1.712899999999999920e+02,6.534600000000000364e+02
1.538700000000000045e+02,5.870299999999999727e+02,1.726999999999999886e+02,5.794099999999999682e+02,1.976599999999999966e+02,6.411399999999999864e+02,1.788300000000000125e+02,6.487500000000000000e+02
1.547800000000000011e+02,5.886399999999999864e+02,1.734499999999999886e+02,5.805000000000000000e+02,2.000000000000000000e+02,6.413899999999999864e+02,1.813199999999999932e+02,6.495299999999999727e+02
1.560300000000000011e+02,5.876900000000000546e+02,1.752899999999999920e+02,5.809299999999999500e+02,1.980200000000000102e+02,6.456200000000000045e+02,1.787599999999999909e+02,6.523899999999999864e+02
1.566200000000000045e+02,5.880900000000000318e+02,1.766999999999999886e+02,5.811100000000000136e+02,1.995600000000000023e+02,6.468999999999999773e+02,1.794699999999999989e+02,6.538799999999999955e+02
1.558499999999999943e+02,5.910900000000000318e+02,1.732100000000000080e+02,5.817100000000000364e+02,2.062400000000000091e+02,6.428500000000000227e+02,1.888799999999999955e+02,6.522300000000000182e+02
1.545900000000000034e+02,5.921000000000000227e+02,1.718100000000000023e+02,5.832100000000000364e+02,2.038499999999999943e+02,6.452599999999999909e+02,1.866299999999999955e+02,6.541499999999999773e+02
1.532500000000000000e+02,5.925700000000000500e+02,1.723100000000000023e+02,5.828200000000000500e+02,2.042800000000000011e+02,6.453200000000000500e+02,1.852199999999999989e+02,6.550800000000000409e+02
1.562299999999999898e+02,5.999600000000000364e+02,1.739000000000000057e+02,5.917300000000000182e+02,2.030000000000000000e+02,6.542799999999999727e+02,1.853400000000000034e+02,6.625000000000000000e+02
1.567199999999999989e+02,6.000299999999999727e+02,1.749300000000000068e+02,5.915800000000000409e+02,2.042199999999999989e+02,6.547599999999999909e+02,1.860099999999999909e+02,6.632000000000000455e+02
1.592500000000000000e+02,5.987999999999999545e+02,1.790099999999999909e+02,5.934199999999999591e+02,1.973400000000000034e+02,6.607999999999999545e+02,1.775800000000000125e+02,6.661799999999999500e+02
1.644900000000000091e+02,6.044600000000000364e+02,1.830600000000000023e+02,6.025800000000000409e+02,1.901100000000000136e+02,6.721799999999999500e+02,1.715399999999999920e+02,6.740599999999999454e+02
1.653300000000000125e+02,6.252300000000000182e+02,1.849399999999999977e+02,6.266299999999999955e+02,1.800800000000000125e+02,6.948400000000000318e+02,1.604699999999999989e+02,6.934500000000000455e+02
1.647199999999999989e+02,6.324099999999999682e+02,1.836200000000000045e+02,6.314700000000000273e+02,1.871200000000000045e+02,7.014900000000000091e+02,1.682199999999999989e+02,7.024400000000000546e+02
1.658000000000000114e+02,6.547500000000000000e+02,1.882500000000000000e+02,6.527000000000000455e+02,1.944900000000000091e+02,7.214099999999999682e+02,1.720399999999999920e+02,7.234500000000000455e+02
1.747800000000000011e+02,6.767000000000000455e+02,1.929499999999999886e+02,6.709900000000000091e+02,2.133000000000000114e+02,7.358300000000000409e+02,1.951299999999999955e+02,7.415299999999999727e+02
1.875900000000000034e+02,7.074500000000000455e+02,2.049300000000000068e+02,6.992400000000000091e+02,2.345300000000000011e+02,7.617200000000000273e+02,2.171899999999999977e+02,7.699299999999999500e+02
2.080000000000000000e+02,7.362100000000000364e+02,2.249499999999999886e+02,7.266699999999999591e+02,2.566399999999999864e+02,7.830099999999999909e+02,2.396999999999999886e+02,7.925399999999999636e+02
2.276699999999999875e+02,7.622899999999999636e+02,2.413000000000000114e+02,7.488300000000000409e+02,2.890400000000000205e+02,7.971799999999999500e+02,2.754100000000000250e+02,8.106299999999999955e+02
2.586999999999999886e+02,7.902100000000000364e+02,2.727400000000000091e+02,7.729199999999999591e+02,3.260600000000000023e+02,8.162100000000000364e+02,3.120199999999999818e+02,8.335099999999999909e+02
3.051800000000000068e+02,8.203099999999999454e+02,3.141800000000000068e+02,8.012400000000000091e+02,3.751800000000000068e+02,8.300299999999999727e+02,3.661899999999999977e+02,8.490900000000000318e+02
3.453199999999999932e+02,8.382200000000000273e+02,3.518899999999999864e+02,8.206399999999999864e+02,4.169399999999999977e+02,8.449299999999999500e+02,4.103700000000000045e+02,8.625099999999999909e+02
3.734200000000000159e+02,8.471000000000000227e+02,3.815099999999999909e+02,8.293700000000000045e+02,4.448899999999999864e+02,8.582799999999999727e+02,4.368000000000000114e+02,8.760099999999999909e+02
3.856700000000000159e+02,8.494900000000000091e+02,3.980400000000000205e+02,8.346399999999999864e+02,4.527300000000000182e+02,8.802100000000000364e+02,4.403500000000000227e+02,8.950599999999999454e+02
3.987799999999999727e+02,8.498899999999999864e+02,4.134900000000000091e+02,8.380800000000000409e+02,4.561100000000000136e+02,8.911599999999999682e+02,4.413999999999999773e+02,9.029600000000000364e+02
3.994200000000000159e+02,8.597999999999999545e+02,4.118500000000000227e+02,8.427899999999999636e+02,4.679700000000000273e+02,8.838099999999999454e+02,4.555299999999999727e+02,9.008200000000000500e+02
4.014399999999999977e+02,8.575599999999999454e+02,4.124800000000000182e+02,8.418099999999999454e+02,4.691000000000000227e+02,8.815000000000000000e+02,4.580600000000000023e+02,8.972599999999999909e+02
4.065699999999999932e+02,8.673899999999999864e+02,4.153399999999999750e+02,8.482699999999999818e+02,4.771700000000000159e+02,8.766399999999999864e+02,4.683999999999999773e+02,8.957599999999999909e+02
4.143399999999999750e+02,8.715499999999999545e+02,4.194599999999999795e+02,8.532300000000000182e+02,4.852099999999999795e+02,8.716200000000000045e+02,4.800899999999999750e+02,8.899500000000000455e+02
4.418999999999999773e+02,8.729700000000000273e+02,4.455400000000000205e+02,8.533700000000000045e+02,5.116600000000000250e+02,8.656399999999999864e+02,5.080199999999999818e+02,8.852400000000000091e+02
4.813000000000000114e+02,8.761599999999999682e+02,4.831100000000000136e+02,8.587699999999999818e+02,5.505299999999999727e+02,8.657899999999999636e+02,5.487200000000000273e+02,8.831699999999999591e+02
5.227799999999999727e+02,8.754400000000000546e+02,5.206900000000000546e+02,8.571599999999999682e+02,5.866200000000000045e+02,8.496399999999999864e+02,5.887000000000000455e+02,8.679199999999999591e+02
5.645099999999999909e+02,8.688899999999999864e+02,5.560599999999999454e+02,8.508799999999999955e+02,6.174400000000000546e+02,8.220599999999999454e+02,6.258899999999999864e+02,8.400700000000000500e+02
5.887799999999999727e+02,8.559099999999999682e+02,5.740499999999999545e+02,8.428300000000000409e+02,6.180499999999999545e+02,7.932799999999999727e+02,6.327699999999999818e+02,8.063600000000000136e+02
5.991200000000000045e+02,8.437500000000000000e+02,5.813099999999999454e+02,8.374800000000000182e+02,6.033500000000000227e+02,7.748899999999999864e+02,6.211499999999999773e+02,7.811599999999999682e+02
6.040399999999999636e+02,8.268899999999999864e+02,5.851499999999999773e+02,8.219700000000000273e+02,6.017000000000000455e+02,7.584800000000000182e+02,6.205900000000000318e+02,7.634099999999999682e+02
6.078500000000000227e+02,8.131499999999999773e+02,5.889900000000000091e+02,8.151900000000000546e+02,5.818600000000000136e+02,7.492000000000000455e+02,6.007200000000000273e+02,7.471699999999999591e+02
5.951299999999999955e+02,8.026100000000000136e+02,5.761100000000000136e+02,8.026399999999999864e+02,5.760000000000000000e+02,7.380900000000000318e+02,5.950199999999999818e+02,7.380599999999999454e+02
5.925599999999999454e+02,8.011100000000000136e+02,5.716699999999999591e+02,8.030499999999999545e+02,5.660700000000000500e+02,7.427699999999999818e+02,5.869600000000000364e+02,7.408300000000000409e+02
5.947100000000000364e+02,8.017300000000000182e+02,5.717100000000000364e+02,8.026499999999999773e+02,5.694099999999999682e+02,7.452200000000000273e+02,5.924099999999999682e+02,7.442999999999999545e+02
5.964500000000000455e+02,8.039600000000000364e+02,5.739400000000000546e+02,8.088200000000000500e+02,5.611200000000000045e+02,7.495700000000000500e+02,5.836399999999999864e+02,7.447000000000000455e+02
5.963799999999999955e+02,8.015099999999999909e+02,5.761799999999999500e+02,8.067000000000000455e+02,5.615299999999999727e+02,7.496000000000000227e+02,5.817300000000000182e+02,7.444099999999999682e+02
5.987899999999999636e+02,7.982799999999999727e+02,5.808700000000000045e+02,8.058899999999999864e+02,5.574199999999999591e+02,7.507100000000000364e+02,5.753400000000000318e+02,7.430900000000000318e+02
6.040499999999999545e+02,7.944199999999999591e+02,5.840000000000000000e+02,8.060599999999999454e+02,5.533099999999999454e+02,7.532100000000000364e+02,5.733600000000000136e+02,7.415599999999999454e+02
5.996200000000000045e+02,7.958700000000000045e+02,5.807799999999999727e+02,8.036799999999999500e+02,5.573200000000000500e+02,7.471100000000000136e+02,5.761699999999999591e+02,7.392999999999999545e+02
6.024299999999999500e+02,7.936599999999999682e+02,5.815700000000000500e+02,8.034199999999999591e+02,5.562699999999999818e+02,7.493300000000000409e+02,5.771299999999999955e+02,7.395700000000000500e+02
5.977500000000000000e+02,8.037300000000000182e+02,5.756200000000000045e+02,8.046200000000000045e+02,5.734500000000000455e+02,7.501399999999999864e+02,5.955700000000000500e+02,7.492599999999999909e+02
5.959299999999999500e+02,8.032200000000000273e+02,5.756599999999999682e+02,8.029600000000000364e+02,5.763400000000000318e+02,7.501799999999999500e+02,5.966000000000000227e+02,7.504400000000000546e+02
5.990000000000000000e+02,8.050000000000000000e+02,5.760000000000000000e+02,8.050000000000000000e+02,5.760000000000000000e+02,7.520000000000000000e+02,5.990000000000000000e+02,7.520000000000000000e+02
5.927000000000000455e+02,8.007000000000000455e+02,5.732200000000000273e+02,8.000399999999999636e+02,5.753200000000000500e+02,7.384900000000000091e+02,5.947999999999999545e+02,7.391599999999999682e+02
5.921299999999999955e+02,7.956799999999999500e+02,5.727599999999999909e+02,7.957999999999999545e+02,5.723200000000000500e+02,7.302799999999999727e+02,5.916900000000000546e+02,7.301499999999999773e+02
5.931699999999999591e+02,7.955800000000000409e+02,5.722300000000000182e+02,7.961000000000000227e+02,5.706299999999999955e+02,7.320299999999999727e+02,5.915700000000000500e+02,7.315099999999999909e+02
5.914700000000000273e+02,7.946200000000000045e+02,5.717899999999999636e+02,7.951299999999999955e+02,5.701699999999999591e+02,7.330700000000000500e+02,5.898500000000000227e+02,7.325499999999999545e+02
5.908700000000000045e+02,7.917000000000000455e+02,5.696699999999999591e+02,7.925099999999999909e+02,5.672899999999999636e+02,7.304099999999999682e+02,5.884800000000000182e+02,7.296000000000000227e+02
5.907400000000000091e+02,7.884299999999999500e+02,5.691599999999999682e+02,7.905800000000000409e+02,5.629400000000000546e+02,7.284099999999999682e+02,5.845199999999999818e+02,7.262500000000000000e+02
5.930499999999999545e+02,7.842500000000000000e+02,5.728400000000000318e+02,7.886799999999999500e+02,5.599500000000000455e+02,7.298200000000000500e+02,5.801499999999999773e+02,7.253899999999999864e+02
5.923600000000000136e+02,7.828899999999999864e+02,5.730299999999999727e+02,7.878400000000000318e+02,5.582899999999999636e+02,7.302000000000000455e+02,5.776200000000000045e+02,7.252500000000000000e+02
5.963099999999999454e+02,7.764400000000000546e+02,5.785599999999999454e+02,7.854099999999999682e+02,5.533700000000000045e+02,7.355800000000000409e+02,5.711100000000000136e+02,7.266100000000000136e+02
5.972300000000000182e+02,7.737300000000000182e+02,5.786100000000000136e+02,7.852200000000000273e+02,5.491399999999999864e+02,7.374500000000000455e+02,5.677699999999999818e+02,7.259600000000000364e+02
5.988600000000000136e+02,7.726100000000000136e+02,5.732200000000000273e+02,7.890000000000000000e+02,5.436200000000000045e+02,7.426599999999999682e+02,5.692599999999999909e+02,7.262799999999999727e+02
5.991599999999999682e+02,7.733300000000000409e+02,5.728999999999999773e+02,7.905800000000000409e+02,5.434700000000000273e+02,7.457999999999999545e+02,5.697300000000000182e+02,7.285499999999999545e+02
5.957899999999999636e+02,7.706000000000000227e+02,5.777599999999999909e+02,7.842599999999999909e+02,5.459099999999999682e+02,7.422100000000000364e+02,5.639400000000000546e+02,7.285499999999999545e+02
5.925099999999999909e+02,7.786100000000000136e+02,5.674600000000000364e+02,7.901699999999999591e+02,5.441699999999999591e+02,7.396900000000000546e+02,5.692100000000000364e+02,7.281299999999999955e+02
5.919299999999999500e+02,7.746699999999999591e+02,5.726200000000000045e+02,7.842400000000000091e+02,5.489400000000000546e+02,7.364600000000000364e+02,5.682500000000000000e+02,7.268899999999999864e+02
5.922699999999999818e+02,7.796100000000000136e+02,5.718899999999999864e+02,7.849800000000000182e+02,5.586599999999999682e+02,7.347200000000000273e+02,5.790399999999999636e+02,7.293600000000000136e+02
5.902599999999999909e+02,7.824700000000000273e+02,5.715800000000000409e+02,7.867400000000000091e+02,5.593400000000000318e+02,7.331900000000000546e+02,5.780299999999999727e+02,7.289199999999999591e+02
5.901299999999999955e+02,7.845199999999999818e+02,5.658400000000000318e+02,7.886299999999999955e+02,5.572200000000000273e+02,7.377599999999999909e+02,5.815099999999999909e+02,7.336399999999999864e+02
5.932699999999999818e+02,7.788400000000000318e+02,5.741499999999999773e+02,7.894800000000000182e+02,5.485900000000000318e+02,7.435399999999999636e+02,5.677200000000000273e+02,7.328999999999999773e+02
5.903600000000000136e+02,7.776900000000000546e+02,5.701799999999999500e+02,7.876299999999999955e+02,5.450000000000000000e+02,7.365499999999999545e+02,5.651699999999999591e+02,7.266000000000000227e+02
5.896200000000000045e+02,7.746399999999999864e+02,5.708200000000000500e+02,7.844900000000000091e+02,5.423200000000000500e+02,7.300900000000000318e+02,5.611299999999999955e+02,7.202400000000000091e+02
5.872500000000000000e+02,7.734400000000000546e+02,5.664400000000000546e+02,7.825000000000000000e+02,5.410900000000000318e+02,7.242899999999999636e+02,5.618999999999999773e+02,7.152300000000000182e+02
5.859099999999999682e+02,7.657400000000000091e+02,5.689700000000000273e+02,7.779800000000000182e+02,5.298400000000000318e+02,7.238099999999999454e+02,5.467799999999999727e+02,7.115700000000000500e+02
5.826399999999999864e+02,7.601499999999999773e+02,5.665399999999999636e+02,7.707000000000000455e+02,5.298600000000000136e+02,7.147400000000000091e+02,5.459600000000000364e+02,7.041900000000000546e+02
5.815800000000000409e+02,7.477300000000000182e+02,5.596200000000000045e+02,7.611900000000000546e+02,5.251699999999999591e+02,7.049800000000000182e+02,5.471299999999999955e+02,6.915299999999999727e+02
5.659800000000000182e+02,7.376499999999999773e+02,5.428799999999999955e+02,7.390099999999999909e+02,5.390199999999999818e+02,6.732899999999999636e+02,5.621100000000000136e+02,6.719299999999999500e+02
5.611499999999999773e+02,7.112699999999999818e+02,5.411799999999999500e+02,7.097500000000000000e+02,5.461900000000000546e+02,6.438999999999999773e+02,5.661599999999999682e+02,6.454199999999999591e+02
5.641900000000000546e+02,6.952000000000000455e+02,5.454700000000000273e+02,6.894800000000000182e+02,5.649299999999999500e+02,6.257599999999999909e+02,5.836599999999999682e+02,6.314800000000000182e+02
5.641799999999999500e+02,6.825199999999999818e+02,5.447699999999999818e+02,6.710599999999999454e+02,5.791900000000000546e+02,6.127699999999999818e+02,5.986000000000000227e+02,6.242300000000000182e+02
5.933700000000000045e+02,6.522500000000000000e+02,5.740399999999999636e+02,6.362300000000000182e+02,6.182999999999999545e+02,5.828200000000000500e+02,6.376200000000000045e+02,5.988300000000000409e+02
6.069600000000000364e+02,6.297999999999999545e+02,5.971599999999999682e+02,6.133500000000000227e+02,6.555700000000000500e+02,5.785599999999999454e+02,6.653700000000000045e+02,5.950099999999999909e+02
6.116499999999999773e+02,6.262699999999999818e+02,6.060599999999999454e+02,6.067400000000000091e+02,6.706799999999999500e+02,5.882300000000000182e+02,6.762799999999999727e+02,6.077599999999999909e+02
6.239299999999999500e+02,6.252799999999999727e+02,6.283200000000000500e+02,6.079199999999999591e+02,6.962200000000000273e+02,6.251100000000000136e+02,6.918200000000000500e+02,6.424700000000000273e+02
6.583600000000000136e+02,6.392000000000000455e+02,6.685399999999999636e+02,6.240800000000000409e+02,7.290199999999999818e+02,6.648200000000000500e+02,7.188400000000000318e+02,6.799400000000000546e+02
6.931599999999999682e+02,6.736100000000000136e+02,7.119400000000000546e+02,6.554600000000000364e+02,7.615099999999999909e+02,7.067400000000000091e+02,7.427300000000000182e+02,7.248899999999999864e+02
7.042400000000000091e+02,6.919800000000000182e+02,7.173400000000000318e+02,6.761100000000000136e+02,7.714600000000000364e+02,7.208099999999999454e+02,7.583500000000000227e+02,7.366799999999999500e+02
7.073099999999999454e+02,6.986100000000000136e+02,7.196900000000000546e+02,6.825499999999999545e+02,7.744500000000000455e+02,7.247899999999999636e+02,7.620800000000000409e+02,7.408400000000000318e+02
7.091699999999999591e+02,6.941599999999999682e+02,7.227500000000000000e+02,6.819900000000000091e+02,7.720399999999999636e+02,7.369800000000000182e+02,7.584600000000000364e+02,7.491599999999999682e+02
7.158799999999999955e+02,6.975900000000000318e+02,7.310000000000000000e+02,6.888600000000000136e+02,7.657799999999999727e+02,7.491000000000000227e+02,7.506599999999999682e+02,7.578300000000000409e+02
7.125700000000000500e+02,7.023999999999999773e+02,7.281100000000000136e+02,6.917100000000000364e+02,7.683999999999999773e+02,7.502599999999999909e+02,7.528600000000000136e+02,7.609500000000000455e+02
7.128899999999999864e+02,7.037400000000000091e+02,7.280099999999999909e+02,6.937799999999999727e+02,7.666900000000000546e+02,7.525399999999999636e+02,7.515700000000000500e+02,7.624900000000000091e+02
7.157200000000000273e+02,7.068600000000000136e+02,7.322200000000000273e+02,6.977400000000000091e+02,7.651299999999999955e+02,7.572599999999999909e+02,7.486299999999999955e+02,7.663899999999999864e+02
7.162699999999999818e+02,7.099500000000000455e+02,7.338400000000000318e+02,7.004299999999999500e+02,7.672000000000000455e+02,7.620199999999999818e+02,7.496299999999999955e+02,7.715299999999999727e+02
7.187200000000000273e+02,7.076799999999999500e+02,7.430700000000000500e+02,7.053999999999999773e+02,7.494700000000000273e+02,7.736699999999999591e+02,7.251200000000000045e+02,7.759600000000000364e+02
7.184199999999999591e+02,7.148700000000000045e+02,7.367899999999999636e+02,7.155000000000000000e+02,7.344600000000000364e+02,7.825599999999999454e+02,7.160900000000000318e+02,7.819199999999999591e+02
7.143799999999999955e+02,7.287899999999999636e+02,7.326900000000000546e+02,7.323999999999999773e+02,7.195199999999999818e+02,7.992400000000000091e+02,7.012100000000000364e+02,7.956399999999999864e+02
7.010800000000000409e+02,7.444299999999999500e+02,7.181200000000000045e+02,7.486399999999999864e+02,7.017400000000000091e+02,8.149400000000000546e+02,6.847000000000000455e+02,8.107400000000000091e+02
6.942200000000000273e+02,7.595199999999999818e+02,7.113999999999999773e+02,7.694099999999999682e+02,6.769199999999999591e+02,8.292899999999999636e+02,6.597400000000000091e+02,8.193999999999999773e+02
6.757500000000000000e+02,7.777599999999999909e+02,6.911200000000000045e+02,7.897400000000000091e+02,6.488700000000000045e+02,8.439500000000000455e+02,6.335000000000000000e+02,8.319700000000000273e+02
6.645599999999999454e+02,7.858400000000000318e+02,6.815099999999999909e+02,8.022300000000000182e+02,6.342599999999999909e+02,8.511100000000000136e+02,6.172999999999999545e+02,8.347200000000000273e+02
6.655199999999999818e+02,7.887599999999999909e+02,6.779400000000000546e+02,8.009700000000000273e+02,6.304299999999999500e+02,8.492999999999999545e+02,6.180099999999999909e+02,8.371000000000000227e+02
6.644500000000000455e+02,7.867699999999999818e+02,6.779199999999999591e+02,8.010399999999999636e+02,6.303799999999999955e+02,8.458899999999999864e+02,6.169099999999999682e+02,8.316200000000000045e+02
6.516399999999999864e+02,7.868500000000000227e+02,6.684600000000000364e+02,8.027200000000000273e+02,6.236100000000000136e+02,8.502599999999999909e+02,6.067899999999999636e+02,8.343899999999999864e+02
6.466799999999999500e+02,7.913700000000000045e+02,6.625299999999999727e+02,8.044400000000000546e+02,6.199800000000000182e+02,8.560099999999999909e+02,6.041399999999999864e+02,8.429400000000000546e+02
6.384099999999999682e+02,8.022599999999999909e+02,6.513400000000000318e+02,8.166699999999999591e+02,5.998899999999999864e+02,8.628400000000000318e+02,5.869600000000000364e+02,8.484299999999999500e+02
6.239400000000000546e+02,8.084800000000000182e+02,6.405000000000000000e+02,8.284700000000000273e+02,5.877699999999999818e+02,8.721699999999999591e+02,5.712000000000000455e+02,8.521799999999999500e+02
6.097000000000000455e+02,8.259600000000000364e+02,6.192799999999999727e+02,8.426599999999999682e+02,5.605800000000000409e+02,8.763600000000000136e+02,5.510000000000000000e+02,8.596699999999999591e+02
5.851299999999999955e+02,8.342699999999999818e+02,5.920199999999999818e+02,8.514500000000000455e+02,5.283700000000000045e+02,8.770099999999999909e+02,5.214700000000000273e+02,8.598300000000000409e+02
5.520299999999999727e+02,8.434900000000000091e+02,5.612599999999999909e+02,8.622799999999999727e+02,5.032699999999999818e+02,8.907799999999999727e+02,4.940299999999999727e+02,8.719900000000000091e+02
5.390599999999999454e+02,8.404500000000000455e+02,5.517200000000000273e+02,8.540499999999999545e+02,5.022300000000000182e+02,9.001399999999999864e+02,4.895699999999999932e+02,8.865399999999999636e+02
5.288300000000000409e+02,8.470000000000000000e+02,5.437000000000000455e+02,8.587899999999999636e+02,5.019100000000000250e+02,9.115299999999999727e+02,4.870400000000000205e+02,8.997500000000000000e+02
5.254299999999999500e+02,8.502899999999999636e+02,5.396799999999999500e+02,8.644099999999999682e+02,4.910799999999999841e+02,9.134800000000000182e+02,4.768199999999999932e+02,8.993600000000000136e+02
5.240599999999999454e+02,8.497200000000000273e+02,5.389199999999999591e+02,8.663600000000000136e+02,4.891499999999999773e+02,9.107899999999999636e+02,4.742900000000000205e+02,8.941499999999999773e+02
5.263200000000000500e+02,8.459500000000000455e+02,5.416399999999999864e+02,8.676599999999999682e+02,4.851899999999999977e+02,9.075199999999999818e+02,4.698600000000000136e+02,8.857999999999999545e+02
5.288099999999999454e+02,8.468500000000000227e+02,5.391900000000000546e+02,8.636299999999999955e+02,4.811899999999999977e+02,8.995399999999999636e+02,4.708000000000000114e+02,8.827699999999999818e+02
5.319900000000000091e+02,8.502000000000000455e+02,5.361000000000000227e+02,8.737100000000000364e+02,4.681499999999999773e+02,8.856000000000000227e+02,4.640400000000000205e+02,8.620900000000000318e+02
5.201299999999999955e+02,8.531799999999999500e+02,5.199099999999999682e+02,8.739400000000000546e+02,4.520799999999999841e+02,8.732300000000000182e+02,4.523000000000000114e+02,8.524700000000000273e+02
5.020699999999999932e+02,8.560199999999999818e+02,5.026000000000000227e+02,8.747200000000000273e+02,4.335500000000000114e+02,8.767000000000000455e+02,4.330099999999999909e+02,8.580000000000000000e+02
4.843299999999999841e+02,8.516399999999999864e+02,4.838000000000000114e+02,8.715000000000000000e+02,4.161100000000000136e+02,8.697000000000000455e+02,4.166399999999999864e+02,8.498300000000000409e+02
4.697599999999999909e+02,8.499700000000000273e+02,4.658500000000000227e+02,8.693899999999999864e+02,3.979200000000000159e+02,8.557200000000000273e+02,4.018299999999999841e+02,8.362899999999999636e+02
4.413899999999999864e+02,8.425399999999999636e+02,4.378999999999999773e+02,8.591599999999999682e+02,3.727599999999999909e+02,8.454900000000000091e+02,3.762500000000000000e+02,8.288700000000000045e+02
4.148999999999999773e+02,8.289099999999999682e+02,4.061499999999999773e+02,8.458700000000000045e+02,3.461700000000000159e+02,8.149400000000000546e+02,3.549200000000000159e+02,7.979800000000000182e+02
4.059900000000000091e+02,8.242799999999999727e+02,3.905099999999999909e+02,8.393899999999999864e+02,3.437099999999999795e+02,7.914199999999999591e+02,3.591800000000000068e+02,7.763200000000000500e+02
3.990600000000000023e+02,8.085800000000000409e+02,3.851700000000000159e+02,8.306799999999999500e+02,3.308600000000000136e+02,7.965399999999999636e+02,3.447500000000000000e+02,7.744400000000000546e+02
3.941200000000000045e+02,8.110099999999999909e+02,3.775799999999999841e+02,8.310399999999999636e+02,3.282699999999999818e+02,7.903099999999999454e+02,3.448100000000000023e+02,7.702799999999999727e+02
3.850000000000000000e+02,8.002899999999999636e+02,3.796899999999999977e+02,8.193700000000000045e+02,3.146299999999999955e+02,8.012599999999999909e+02,3.199399999999999977e+02,7.821799999999999500e+02
3.772900000000000205e+02,8.001399999999999864e+02,3.713600000000000136e+02,8.188200000000000500e+02,3.087400000000000091e+02,7.989500000000000455e+02,3.146700000000000159e+02,7.802699999999999818e+02
3.723199999999999932e+02,8.025199999999999818e+02,3.643000000000000114e+02,8.199099999999999682e+02,3.082900000000000205e+02,7.940800000000000409e+02,3.163100000000000023e+02,7.766799999999999500e+02
3.770500000000000114e+02,7.985900000000000318e+02,3.610099999999999909e+02,8.209700000000000273e+02,3.091399999999999864e+02,7.837999999999999545e+02,3.251700000000000159e+02,7.614199999999999591e+02
3.708600000000000136e+02,8.106100000000000136e+02,3.383199999999999932e+02,8.150499999999999545e+02,3.299599999999999795e+02,7.536900000000000546e+02,3.624900000000000091e+02,7.492500000000000000e+02
3.693100000000000023e+02,8.076299999999999955e+02,3.504499999999999886e+02,8.048600000000000136e+02,3.602099999999999795e+02,7.383899999999999864e+02,3.790699999999999932e+02,7.411599999999999682e+02
3.730899999999999750e+02,7.940000000000000000e+02,3.552799999999999727e+02,7.832699999999999818e+02,3.889200000000000159e+02,7.274900000000000091e+02,4.067200000000000273e+02,7.382300000000000182e+02
3.952200000000000273e+02,7.757999999999999545e+02,3.810600000000000023e+02,7.626100000000000136e+02,4.260299999999999727e+02,7.142999999999999545e+02,4.401999999999999886e+02,7.274900000000000091e+02
4.134399999999999977e+02,7.582500000000000000e+02,4.014900000000000091e+02,7.424400000000000546e+02,4.552599999999999909e+02,7.017899999999999636e+02,4.672099999999999795e+02,7.176100000000000136e+02
4.185899999999999750e+02,7.492599999999999909e+02,4.113299999999999841e+02,7.313200000000000500e+02,4.749800000000000182e+02,7.055900000000000318e+02,4.822300000000000182e+02,7.235299999999999727e+02
4.286399999999999864e+02,7.400000000000000000e+02,4.249800000000000182e+02,7.214500000000000455e+02,4.938100000000000023e+02,7.078899999999999864e+02,4.974599999999999795e+02,7.264400000000000546e+02
4.466600000000000250e+02,7.372899999999999636e+02,4.464100000000000250e+02,7.187000000000000455e+02,5.149600000000000364e+02,7.177899999999999636e+02,5.152100000000000364e+02,7.363700000000000045e+02
4.632400000000000091e+02,7.412799999999999727e+02,4.572400000000000091e+02,7.232300000000000182e+02,5.225099999999999909e+02,7.015199999999999818e+02,5.285199999999999818e+02,7.195700000000000500e+02
4.820699999999999932e+02,7.366399999999999864e+02,4.651000000000000227e+02,7.221399999999999864e+02,5.089800000000000182e+02,6.707699999999999818e+02,5.259500000000000455e+02,6.852699999999999818e+02
5.016600000000000250e+02,7.095800000000000409e+02,4.793199999999999932e+02,7.063400000000000318e+02,4.888600000000000136e+02,6.405800000000000409e+02,5.111999999999999886e+02,6.438200000000000500e+02
4.999599999999999795e+02,6.728899999999999864e+02,4.808600000000000136e+02,6.739500000000000455e+02,4.771100000000000136e+02,6.062999999999999545e+02,4.962200000000000273e+02,6.052400000000000091e+02
4.924900000000000091e+02,6.219299999999999500e+02,4.745099999999999909e+02,6.253799999999999955e+02,4.620299999999999727e+02,5.604800000000000182e+02,4.800099999999999909e+02,5.570299999999999727e+02
4.794900000000000091e+02,5.767500000000000000e+02,4.615500000000000114e+02,5.866699999999999591e+02,4.300299999999999727e+02,5.296200000000000045e+02,4.479700000000000273e+02,5.197000000000000455e+02
4.513399999999999750e+02,5.240599999999999454e+02,4.361100000000000136e+02,5.355299999999999727e+02,3.959399999999999977e+02,4.821399999999999864e+02,4.111700000000000159e+02,4.706800000000000068e+02
4.201700000000000159e+02,4.964499999999999886e+02,4.084700000000000273e+02,5.118199999999999932e+02,3.528500000000000227e+02,4.694599999999999795e+02,3.645400000000000205e+02,4.541000000000000227e+02
4.021800000000000068e+02,4.756299999999999955e+02,3.991299999999999955e+02,5.002500000000000000e+02,3.308100000000000023e+02,4.917900000000000205e+02,3.338600000000000136e+02,4.671800000000000068e+02
3.722599999999999909e+02,4.832099999999999795e+02,3.670699999999999932e+02,5.006100000000000136e+02,3.011299999999999955e+02,4.809399999999999977e+02,3.063199999999999932e+02,4.635400000000000205e+02
3.590699999999999932e+02,4.834599999999999795e+02,3.449599999999999795e+02,5.001600000000000250e+02,2.944700000000000273e+02,4.574700000000000273e+02,3.085799999999999841e+02,4.407799999999999727e+02
3.541200000000000045e+02,4.844800000000000182e+02,3.395899999999999750e+02,4.983600000000000136e+02,2.908700000000000045e+02,4.473799999999999955e+02,3.053899999999999864e+02,4.335000000000000000e+02
3.458700000000000045e+02,4.591200000000000045e+02,3.285899999999999750e+02,4.716600000000000250e+02,2.878199999999999932e+02,4.154800000000000182e+02,3.051000000000000227e+02,4.029499999999999886e+02
3.245600000000000023e+02,4.291800000000000068e+02,3.048999999999999773e+02,4.374399999999999977e+02,2.780099999999999909e+02,3.734800000000000182e+02,2.976700000000000159e+02,3.652200000000000273e+02
3.080000000000000000e+02,3.836200000000000045e+02,2.870799999999999841e+02,3.888299999999999841e+02,2.707200000000000273e+02,3.231299999999999955e+02,2.916299999999999955e+02,3.179200000000000159e+02
2.953999999999999773e+02,3.302699999999999818e+02,2.773799999999999955e+02,3.369499999999999886e+02,2.535600000000000023e+02,2.727099999999999795e+02,2.715799999999999841e+02,2.660299999999999727e+02
2.909499999999999886e+02,3.102400000000000091e+02,2.730799999999999841e+02,3.198600000000000136e+02,2.407599999999999909e+02,2.598299999999999841e+02,2.586299999999999955e+02,2.502100000000000080e+02
2.922099999999999795e+02,3.096899999999999977e+02,2.740500000000000114e+02,3.177799999999999727e+02,2.460699999999999932e+02,2.549300000000000068e+02,2.642300000000000182e+02,2.468400000000000034e+02
2.907699999999999818e+02,3.138399999999999750e+02,2.720600000000000023e+02,3.143700000000000045e+02,2.701499999999999773e+02,2.478499999999999943e+02,2.888600000000000136e+02,2.473100000000000023e+02
2.949300000000000068e+02,3.041800000000000068e+02,2.768000000000000114e+02,2.986700000000000159e+02,2.968999999999999773e+02,2.324399999999999977e+02,3.150299999999999727e+02,2.379399999999999977e+02
3.020099999999999909e+02,2.846000000000000227e+02,2.829900000000000091e+02,2.710000000000000000e+02,3.217900000000000205e+02,2.167500000000000000e+02,3.408000000000000114e+02,2.303499999999999943e+02
3.239200000000000159e+02,2.688799999999999955e+02,3.083100000000000023e+02,2.561999999999999886e+02,3.524800000000000182e+02,2.018100000000000023e+02,3.680899999999999750e+02,2.144900000000000091e+02
3.306999999999999886e+02,2.649599999999999795e+02,3.142300000000000182e+02,2.478499999999999943e+02,3.646200000000000045e+02,1.993300000000000125e+02,3.810899999999999750e+02,2.164399999999999977e+02
3.473199999999999932e+02,2.650199999999999818e+02,3.315400000000000205e+02,2.518899999999999864e+02,3.766999999999999886e+02,1.975900000000000034e+02,3.924900000000000091e+02,2.107199999999999989e+02
3.492099999999999795e+02,2.620699999999999932e+02,3.328000000000000114e+02,2.501200000000000045e+02,3.744599999999999795e+02,1.929300000000000068e+02,3.908700000000000045e+02,2.048799999999999955e+02
3.547099999999999795e+02,2.701200000000000045e+02,3.291100000000000136e+02,2.670500000000000114e+02,3.375299999999999727e+02,1.969000000000000057e+02,3.631200000000000045e+02,1.999699999999999989e+02
3.514300000000000068e+02,2.821399999999999864e+02,3.298299999999999841e+02,2.866200000000000045e+02,3.157500000000000000e+02,2.188499999999999943e+02,3.373500000000000227e+02,2.143600000000000136e+02
3.552400000000000091e+02,2.760099999999999909e+02,3.406899999999999977e+02,2.951399999999999864e+02,2.869399999999999977e+02,2.542899999999999920e+02,3.014900000000000091e+02,2.351500000000000057e+02
3.363100000000000023e+02,2.773700000000000045e+02,3.311899999999999977e+02,2.978500000000000227e+02,2.643600000000000136e+02,2.811299999999999955e+02,2.694800000000000182e+02,2.606499999999999773e+02
3.181100000000000136e+02,2.815699999999999932e+02,3.214599999999999795e+02,3.043399999999999750e+02,2.530500000000000114e+02,3.143799999999999955e+02,2.497100000000000080e+02,2.916100000000000136e+02
2.863700000000000045e+02,3.018999999999999773e+02,2.940500000000000114e+02,3.180099999999999909e+02,2.299199999999999875e+02,3.485699999999999932e+02,2.222400000000000091e+02,3.324599999999999795e+02
2.574599999999999795e+02,3.178100000000000023e+02,2.643199999999999932e+02,3.361800000000000068e+02,1.998700000000000045e+02,3.602300000000000182e+02,1.930200000000000102e+02,3.418600000000000136e+02
2.516100000000000136e+02,3.187900000000000205e+02,2.592699999999999818e+02,3.382300000000000182e+02,1.953700000000000045e+02,3.634200000000000159e+02,1.876999999999999886e+02,3.439800000000000182e+02
2.535600000000000023e+02,3.191600000000000250e+02,2.603100000000000023e+02,3.373299999999999841e+02,1.948499999999999943e+02,3.616700000000000159e+02,1.880900000000000034e+02,3.435000000000000000e+02
2.551699999999999875e+02,3.175899999999999750e+02,2.625000000000000000e+02,3.353100000000000023e+02,1.984300000000000068e+02,3.618199999999999932e+02,1.910999999999999943e+02,3.441000000000000227e+02
2.538799999999999955e+02,3.118999999999999773e+02,2.690699999999999932e+02,3.266800000000000068e+02,2.218799999999999955e+02,3.751999999999999886e+02,2.066899999999999977e+02,3.604200000000000159e+02
2.512100000000000080e+02,3.116000000000000227e+02,2.696000000000000227e+02,3.207099999999999795e+02,2.394000000000000057e+02,3.817200000000000273e+02,2.210000000000000000e+02,3.726200000000000045e+02
2.470999999999999943e+02,3.189700000000000273e+02,2.691399999999999864e+02,3.203999999999999773e+02,2.648399999999999750e+02,3.870199999999999818e+02,2.428000000000000114e+02,3.856000000000000227e+02
2.501800000000000068e+02,3.335299999999999727e+02,2.720600000000000023e+02,3.343999999999999773e+02,2.693000000000000114e+02,4.034900000000000091e+02,2.474199999999999875e+02,4.026200000000000045e+02
2.545399999999999920e+02,3.583600000000000136e+02,2.759700000000000273e+02,3.573299999999999841e+02,2.793199999999999932e+02,4.276499999999999773e+02,2.578899999999999864e+02,4.286700000000000159e+02
2.613500000000000227e+02,3.972200000000000273e+02,2.816499999999999773e+02,3.966399999999999864e+02,2.836499999999999773e+02,4.665799999999999841e+02,2.633500000000000227e+02,4.671600000000000250e+02
2.664700000000000273e+02,4.418999999999999773e+02,2.850699999999999932e+02,4.450400000000000205e+02,2.738500000000000227e+02,5.115000000000000000e+02,2.552599999999999909e+02,5.083600000000000136e+02
2.655000000000000000e+02,4.788100000000000023e+02,2.827500000000000000e+02,4.873700000000000045e+02,2.524300000000000068e+02,5.485199999999999818e+02,2.351699999999999875e+02,5.399600000000000364e+02
2.550000000000000000e+02,4.998999999999999773e+02,2.697900000000000205e+02,5.156900000000000546e+02,2.192400000000000091e+02,5.630399999999999636e+02,2.044499999999999886e+02,5.472500000000000000e+02
2.390500000000000114e+02,5.208999999999999773e+02,2.458499999999999943e+02,5.384400000000000546e+02,1.819099999999999966e+02,5.632400000000000091e+02,1.751100000000000136e+02,5.457000000000000455e+02
2.153300000000000125e+02,5.275599999999999454e+02,2.142100000000000080e+02,5.461499999999999773e+02,1.460399999999999920e+02,5.420599999999999454e+02,1.471500000000000057e+02,5.234700000000000273e+02
1.984000000000000057e+02,5.286200000000000045e+02,1.915000000000000000e+02,5.470399999999999636e+02,1.279300000000000068e+02,5.232100000000000364e+02,1.348400000000000034e+02,5.047900000000000205e+02
2.047599999999999909e+02,5.327500000000000000e+02,1.976699999999999875e+02,5.515000000000000000e+02,1.331999999999999886e+02,5.271299999999999955e+02,1.402899999999999920e+02,5.083799999999999955e+02
2.046899999999999977e+02,5.324400000000000546e+02,1.985999999999999943e+02,5.511000000000000227e+02,1.314399999999999977e+02,5.291699999999999591e+02,1.375300000000000011e+02,5.105099999999999909e+02
2.042100000000000080e+02,5.324900000000000091e+02,1.970500000000000114e+02,5.517400000000000091e+02,1.294699999999999989e+02,5.266299999999999955e+02,1.366299999999999955e+02,5.073700000000000045e+02
2.041399999999999864e+02,5.322300000000000182e+02,1.977500000000000000e+02,5.508200000000000500e+02,1.288700000000000045e+02,5.271699999999999591e+02,1.352599999999999909e+02,5.085699999999999932e+02
2.055900000000000034e+02,5.324800000000000182e+02,1.987400000000000091e+02,5.514900000000000091e+02,1.305200000000000102e+02,5.268999999999999773e+02,1.373700000000000045e+02,5.078999999999999773e+02
2.060200000000000102e+02,5.304400000000000546e+02,1.996599999999999966e+02,5.506299999999999955e+02,1.320099999999999909e+02,5.293099999999999454e+02,1.383799999999999955e+02,5.091200000000000045e+02
2.056500000000000057e+02,5.290399999999999636e+02,2.012199999999999989e+02,5.490399999999999636e+02,1.308100000000000023e+02,5.334500000000000455e+02,1.352400000000000091e+02,5.134500000000000455e+02
2.053300000000000125e+02,5.284299999999999500e+02,2.011999999999999886e+02,5.473200000000000500e+02,1.322800000000000011e+02,5.322500000000000000e+02,1.364099999999999966e+02,5.133600000000000136e+02
2.047700000000000102e+02,5.252899999999999636e+02,2.022100000000000080e+02,5.451499999999999773e+02,1.322899999999999920e+02,5.361299999999999955e+02,1.348499999999999943e+02,5.162699999999999818e+02
2.029799999999999898e+02,5.244900000000000091e+02,2.011800000000000068e+02,5.444600000000000364e+02,1.322899999999999920e+02,5.382500000000000000e+02,1.340900000000000034e+02,5.182799999999999727e+02
2.043199999999999932e+02,5.196499999999999773e+02,2.039900000000000091e+02,5.434199999999999591e+02,1.329000000000000057e+02,5.424199999999999591e+02,1.332299999999999898e+02,5.186499999999999773e+02
2.042100000000000080e+02,5.255199999999999818e+02,2.022700000000000102e+02,5.439400000000000546e+02,1.312800000000000011e+02,5.364600000000000364e+02,1.332199999999999989e+02,5.180399999999999636e+02
2.025900000000000034e+02,5.261200000000000045e+02,1.983799999999999955e+02,5.460399999999999636e+02,1.283899999999999864e+02,5.312400000000000091e+02,1.325999999999999943e+02,5.113199999999999932e+02
2.030399999999999920e+02,5.280599999999999454e+02,1.969900000000000091e+02,5.468799999999999955e+02,1.298899999999999864e+02,5.253200000000000500e+02,1.359300000000000068e+02,5.065000000000000000e+02
2.045699999999999932e+02,5.229800000000000182e+02,2.020999999999999943e+02,5.422200000000000273e+02,1.329199999999999875e+02,5.333400000000000318e+02,1.353899999999999864e+02,5.141100000000000136e+02
2.023100000000000023e+02,5.184700000000000273e+02,2.036599999999999966e+02,5.363300000000000409e+02,1.355800000000000125e+02,5.414600000000000364e+02,1.342299999999999898e+02,5.235900000000000318e+02
1.987199999999999989e+02,5.161499999999999773e+02,2.025999999999999943e+02,5.351100000000000136e+02,1.390500000000000114e+02,5.480900000000000318e+02,1.351800000000000068e+02,5.291299999999999955e+02
1.969099999999999966e+02,5.172500000000000000e+02,2.010000000000000000e+02,5.372799999999999727e+02,1.362299999999999898e+02,5.504800000000000182e+02,1.321500000000000057e+02,5.304500000000000455e+02
1.966399999999999864e+02,5.203500000000000227e+02,1.992100000000000080e+02,5.396900000000000546e+02,1.320600000000000023e+02,5.486299999999999955e+02,1.294799999999999898e+02,5.292899999999999636e+02
1.945600000000000023e+02,5.224700000000000273e+02,1.962199999999999989e+02,5.418899999999999864e+02,1.304000000000000057e+02,5.475000000000000000e+02,1.287500000000000000e+02,5.280800000000000409e+02
1.948700000000000045e+02,5.218600000000000136e+02,1.968799999999999955e+02,5.415000000000000000e+02,1.295099999999999909e+02,5.484099999999999682e+02,1.274899999999999949e+02,5.287799999999999727e+02
1.929399999999999977e+02,5.214199999999999591e+02,1.954399999999999977e+02,5.416100000000000136e+02,1.276099999999999994e+02,5.500000000000000000e+02,1.251099999999999994e+02,5.298099999999999454e+02
1.915399999999999920e+02,5.192699999999999818e+02,1.972500000000000000e+02,5.367200000000000273e+02,1.331500000000000057e+02,5.577100000000000364e+02,1.274300000000000068e+02,5.402599999999999909e+02
1.952800000000000011e+02,5.108000000000000114e+02,1.984600000000000080e+02,5.324099999999999682e+02,1.402599999999999909e+02,5.409900000000000091e+02,1.370800000000000125e+02,5.193799999999999955e+02
1.854600000000000080e+02,5.012200000000000273e+02,2.055399999999999920e+02,5.102799999999999727e+02,1.817400000000000091e+02,5.630599999999999454e+02,1.616599999999999966e+02,5.540099999999999909e+02
1.734399999999999977e+02,5.074100000000000250e+02,1.972899999999999920e+02,5.079700000000000273e+02,1.958799999999999955e+02,5.674500000000000455e+02,1.720300000000000011e+02,5.668799999999999955e+02
1.728199999999999932e+02,5.077400000000000091e+02,1.972100000000000080e+02,5.081600000000000250e+02,1.961800000000000068e+02,5.682599999999999909e+02,1.717800000000000011e+02,5.678400000000000318e+02
1.740699999999999932e+02,5.094300000000000068e+02,1.938300000000000125e+02,5.096999999999999886e+02,1.930300000000000011e+02,5.692999999999999545e+02,1.732700000000000102e+02,5.690299999999999727e+02
1.737700000000000102e+02,5.071100000000000136e+02,1.930399999999999920e+02,5.084399999999999977e+02,1.888000000000000114e+02,5.696799999999999500e+02,1.695300000000000011e+02,5.683500000000000227e+02
1.733600000000000136e+02,5.050099999999999909e+02,1.925999999999999943e+02,5.069100000000000250e+02,1.860600000000000023e+02,5.728999999999999773e+02,1.668199999999999932e+02,5.709900000000000091e+02
1.785800000000000125e+02,5.045799999999999841e+02,1.967899999999999920e+02,5.106700000000000159e+02,1.764699999999999989e+02,5.715199999999999818e+02,1.582500000000000000e+02,5.654400000000000546e+02
1.767500000000000000e+02,5.045199999999999818e+02,1.952899999999999920e+02,5.106100000000000136e+02,1.749099999999999966e+02,5.725800000000000409e+02,1.563700000000000045e+02,5.664900000000000091e+02
1.757599999999999909e+02,5.055600000000000023e+02,1.955099999999999909e+02,5.111600000000000250e+02,1.777899999999999920e+02,5.736599999999999682e+02,1.580500000000000114e+02,5.680599999999999454e+02
1.720300000000000011e+02,5.081600000000000250e+02,1.919699999999999989e+02,5.101499999999999773e+02,1.856399999999999864e+02,5.736100000000000136e+02,1.657100000000000080e+02,5.716200000000000045e+02
1.653300000000000125e+02,5.139500000000000455e+02,1.846800000000000068e+02,5.083600000000000136e+02,2.026200000000000045e+02,5.704299999999999500e+02,1.832700000000000102e+02,5.760199999999999818e+02
1.675000000000000000e+02,5.179199999999999591e+02,1.852400000000000091e+02,5.119300000000000068e+02,2.062500000000000000e+02,5.740800000000000409e+02,1.885000000000000000e+02,5.800700000000000500e+02
1.680000000000000000e+02,5.211299999999999955e+02,1.863600000000000136e+02,5.131100000000000136e+02,2.125999999999999943e+02,5.731799999999999500e+02,1.942500000000000000e+02,5.812000000000000455e+02
1.678600000000000136e+02,5.245800000000000409e+02,1.841100000000000136e+02,5.134900000000000091e+02,2.204399999999999977e+02,5.667000000000000455e+02,2.041899999999999977e+02,5.777899999999999636e+02
1.654199999999999875e+02,5.327599999999999909e+02,1.851699999999999875e+02,5.154800000000000182e+02,2.291500000000000057e+02,5.657400000000000091e+02,2.094000000000000057e+02,5.830299999999999727e+02
1.833000000000000114e+02,5.280199999999999818e+02,2.033000000000000114e+02,5.221100000000000136e+02,2.225300000000000011e+02,5.872300000000000182e+02,2.025300000000000011e+02,5.931299999999999955e+02
1.905600000000000023e+02,5.392200000000000273e+02,2.100399999999999920e+02,5.366299999999999955e+02,2.188899999999999864e+02,6.033799999999999955e+02,1.994099999999999966e+02,6.059600000000000364e+02
1.968799999999999955e+02,5.570499999999999545e+02,2.155999999999999943e+02,5.554700000000000273e+02,2.211899999999999977e+02,6.213899999999999864e+02,2.024699999999999989e+02,6.229800000000000182e+02
1.935200000000000102e+02,5.616200000000000045e+02,2.142599999999999909e+02,5.564800000000000182e+02,2.298499999999999943e+02,6.193099999999999454e+02,2.091100000000000136e+02,6.244500000000000455e+02
1.956800000000000068e+02,5.621799999999999500e+02,2.153400000000000034e+02,5.574800000000000182e+02,2.305800000000000125e+02,6.212400000000000091e+02,2.109199999999999875e+02,6.259299999999999500e+02
2.022299999999999898e+02,5.640000000000000000e+02,2.214300000000000068e+02,5.657799999999999727e+02,2.153400000000000034e+02,6.313600000000000136e+02,1.961299999999999955e+02,6.295700000000000500e+02
1.975800000000000125e+02,5.828700000000000045e+02,2.203499999999999943e+02,5.898799999999999955e+02,2.010200000000000102e+02,6.527000000000000455e+02,1.782500000000000000e+02,6.456900000000000546e+02
2.000200000000000102e+02,6.134700000000000273e+02,2.172500000000000000e+02,6.220900000000000318e+02,1.869699999999999989e+02,6.826000000000000227e+02,1.697500000000000000e+02,6.739800000000000182e+02
1.848100000000000023e+02,6.290900000000000318e+02,2.037500000000000000e+02,6.339400000000000546e+02,1.867100000000000080e+02,7.004199999999999591e+02,1.677700000000000102e+02,6.955599999999999454e+02
1.780600000000000023e+02,6.278400000000000318e+02,2.002100000000000080e+02,6.300599999999999454e+02,1.934099999999999966e+02,6.977699999999999818e+02,1.712700000000000102e+02,6.955499999999999545e+02
1.783100000000000023e+02,6.271900000000000546e+02,2.016800000000000068e+02,6.295800000000000409e+02,1.950000000000000000e+02,6.947400000000000091e+02,1.716299999999999955e+02,6.923500000000000227e+02
1.859499999999999886e+02,6.249199999999999591e+02,2.038700000000000045e+02,6.297899999999999636e+02,1.859799999999999898e+02,6.957200000000000273e+02,1.680600000000000023e+02,6.908600000000000136e+02
1.870699999999999932e+02,6.238400000000000318e+02,2.047800000000000011e+02,6.289299999999999500e+02,1.859900000000000091e+02,6.943200000000000500e+02,1.682800000000000011e+02,6.892400000000000091e+02
1.902199999999999989e+02,6.231200000000000045e+02,2.079099999999999966e+02,6.300900000000000318e+02,1.823400000000000034e+02,6.949900000000000091e+02,1.646500000000000057e+02,6.880199999999999818e+02
1.951100000000000136e+02,6.265499999999999545e+02,2.093899999999999864e+02,6.418300000000000409e+02,1.581299999999999955e+02,6.897000000000000455e+02,1.438600000000000136e+02,6.744099999999999682e+02
1.975800000000000125e+02,6.239299999999999500e+02,2.102700000000000102e+02,6.403600000000000136e+02,1.569799999999999898e+02,6.815499999999999545e+02,1.442800000000000011e+02,6.651299999999999955e+02
1.929799999999999898e+02,6.232400000000000091e+02,2.068499999999999943e+02,6.378099999999999454e+02,1.574300000000000068e+02,6.848600000000000136e+02,1.435600000000000023e+02,6.702999999999999545e+02
1.894799999999999898e+02,6.249700000000000273e+02,2.053199999999999932e+02,6.399299999999999500e+02,1.585600000000000023e+02,6.894299999999999500e+02,1.427199999999999989e+02,6.744700000000000273e+02
1.792199999999999989e+02,6.218799999999999955e+02,2.059399999999999977e+02,6.400900000000000318e+02,1.681299999999999955e+02,6.955399999999999636e+02,1.414099999999999966e+02,6.773300000000000409e+02
1.786599999999999966e+02,6.312300000000000182e+02,2.005200000000000102e+02,6.407599999999999909e+02,1.741299999999999955e+02,7.012799999999999727e+02,1.522700000000000102e+02,6.917500000000000000e+02
1.854000000000000057e+02,6.315700000000000500e+02,2.038700000000000045e+02,6.417599999999999909e+02,1.717500000000000000e+02,7.000000000000000000e+02,1.532800000000000011e+02,6.898099999999999454e+02
1.834900000000000091e+02,6.312999999999999545e+02,2.019199999999999875e+02,6.407400000000000091e+02,1.719900000000000091e+02,6.991599999999999682e+02,1.535600000000000023e+02,6.897200000000000273e+02
1.852899999999999920e+02,6.312699999999999818e+02,2.030399999999999920e+02,6.415700000000000500e+02,1.688700000000000045e+02,7.004700000000000273e+02,1.511100000000000136e+02,6.901699999999999591e+02
1.848000000000000114e+02,6.323300000000000409e+02,2.032700000000000102e+02,6.416299999999999955e+02,1.723700000000000045e+02,7.029299999999999500e+02,1.539099999999999966e+02,6.936200000000000045e+02
1.843199999999999932e+02,6.321799999999999500e+02,2.027400000000000091e+02,6.402799999999999727e+02,1.753600000000000136e+02,7.025599999999999454e+02,1.569300000000000068e+02,6.944500000000000455e+02
1.838799999999999955e+02,6.322000000000000455e+02,2.023700000000000045e+02,6.406200000000000045e+02,1.738899999999999864e+02,7.032100000000000364e+02,1.553899999999999864e+02,6.947899999999999636e+02
1.848600000000000136e+02,6.336100000000000136e+02,2.035600000000000023e+02,6.430099999999999909e+02,1.728300000000000125e+02,7.041399999999999864e+02,1.541299999999999955e+02,6.947400000000000091e+02
1.829600000000000080e+02,6.323099999999999454e+02,2.024600000000000080e+02,6.405199999999999818e+02,1.757199999999999989e+02,7.039500000000000455e+02,1.562299999999999898e+02,6.957300000000000182e+02
1.822400000000000091e+02,6.320099999999999909e+02,2.028400000000000034e+02,6.403600000000000136e+02,1.774799999999999898e+02,7.029500000000000455e+02,1.568799999999999955e+02,6.946000000000000227e+02
1.830800000000000125e+02,6.328200000000000500e+02,2.032299999999999898e+02,6.421100000000000136e+02,1.752100000000000080e+02,7.029099999999999682e+02,1.550600000000000023e+02,6.936200000000000045e+02
1.819900000000000091e+02,6.356100000000000136e+02,2.019699999999999989e+02,6.440299999999999727e+02,1.766599999999999966e+02,7.040900000000000318e+02,1.566800000000000068e+02,6.956599999999999682e+02
1.799900000000000091e+02,6.355800000000000409e+02,2.018700000000000045e+02,6.435000000000000000e+02,1.790000000000000000e+02,7.067000000000000455e+02,1.571200000000000045e+02,6.987799999999999727e+02
1.818700000000000045e+02,6.366699999999999591e+02,2.019000000000000057e+02,6.445800000000000409e+02,1.779799999999999898e+02,7.051900000000000546e+02,1.579399999999999977e+02,6.972799999999999727e+02
1.809499999999999886e+02,6.347799999999999727e+02,2.008700000000000045e+02,6.397100000000000364e+02,1.850900000000000034e+02,7.034800000000000182e+02,1.651599999999999966e+02,6.985399999999999636e+02
1.753700000000000045e+02,6.299900000000000091e+02,1.976100000000000136e+02,6.305800000000000409e+02,1.958300000000000125e+02,6.973200000000000500e+02,1.735900000000000034e+02,6.967300000000000182e+02
1.757800000000000011e+02,6.301399999999999864e+02,1.966200000000000045e+02,6.282000000000000455e+02,2.031100000000000136e+02,6.979700000000000273e+02,1.822700000000000102e+02,6.999099999999999682e+02
1.736699999999999875e+02,6.326499999999999773e+02,1.942400000000000091e+02,6.265599999999999454e+02,2.140200000000000102e+02,6.933300000000000409e+02,1.934600000000000080e+02,6.994199999999999591e+02
1.746800000000000068e+02,6.336499999999999773e+02,1.936699999999999875e+02,6.251399999999999864e+02,2.221500000000000057e+02,6.886499999999999773e+02,2.031500000000000057e+02,6.971599999999999682e+02
1.810099999999999909e+02,6.362200000000000273e+02,1.992700000000000102e+02,6.267599999999999909e+02,2.311800000000000068e+02,6.883300000000000409e+02,2.129199999999999875e+02,6.977899999999999636e+02
1.743300000000000125e+02,6.439299999999999500e+02,1.906899999999999977e+02,6.308600000000000136e+02,2.335000000000000000e+02,6.843999999999999773e+02,2.171399999999999864e+02,6.974800000000000182e+02
1.704799999999999898e+02,6.625199999999999818e+02,1.777199999999999989e+02,6.441399999999999864e+02,2.416399999999999864e+02,6.693099999999999454e+02,2.344000000000000057e+02,6.877000000000000455e+02
1.711200000000000045e+02,6.631799999999999500e+02,1.788199999999999932e+02,6.450199999999999818e+02,2.400099999999999909e+02,6.709900000000000091e+02,2.323000000000000114e+02,6.891399999999999864e+02
1.720500000000000114e+02,6.665700000000000500e+02,1.773600000000000136e+02,6.479099999999999682e+02,2.410999999999999943e+02,6.660299999999999727e+02,2.357899999999999920e+02,6.846900000000000546e+02
1.740900000000000034e+02,6.687300000000000182e+02,1.775800000000000125e+02,6.490599999999999454e+02,2.411999999999999886e+02,6.603300000000000409e+02,2.377100000000000080e+02,6.800099999999999909e+02
1.735200000000000102e+02,6.710399999999999636e+02,1.766299999999999955e+02,6.495399999999999636e+02,2.411200000000000045e+02,6.588600000000000136e+02,2.380099999999999909e+02,6.803600000000000136e+02
1.739600000000000080e+02,6.692999999999999545e+02,1.777100000000000080e+02,6.498099999999999454e+02,2.417199999999999989e+02,6.621200000000000045e+02,2.379699999999999989e+02,6.816100000000000136e+02
1.735300000000000011e+02,6.684400000000000546e+02,1.781399999999999864e+02,6.484600000000000364e+02,2.425099999999999909e+02,6.633200000000000500e+02,2.379000000000000057e+02,6.832899999999999636e+02
1.958300000000000125e+02,6.688300000000000409e+02,2.074900000000000091e+02,6.527400000000000091e+02,2.612900000000000205e+02,6.917500000000000000e+02,2.496299999999999955e+02,7.078300000000000409e+02
2.002599999999999909e+02,6.717200000000000273e+02,2.117400000000000091e+02,6.539199999999999591e+02,2.688899999999999864e+02,6.907899999999999636e+02,2.574100000000000250e+02,7.085900000000000318e+02
2.102800000000000011e+02,6.757100000000000364e+02,2.220900000000000034e+02,6.608799999999999955e+02,2.723399999999999750e+02,7.008999999999999773e+02,2.605400000000000205e+02,7.157200000000000273e+02
2.179000000000000057e+02,6.868500000000000227e+02,2.311100000000000136e+02,6.720499999999999545e+02,2.825000000000000000e+02,7.179400000000000546e+02,2.692900000000000205e+02,7.327300000000000182e+02
2.279499999999999886e+02,6.910599999999999454e+02,2.417299999999999898e+02,6.771900000000000546e+02,2.917799999999999727e+02,7.269099999999999682e+02,2.779900000000000091e+02,7.407899999999999636e+02
2.553000000000000114e+02,7.147500000000000000e+02,2.659399999999999977e+02,7.013500000000000227e+02,3.202200000000000273e+02,7.444400000000000546e+02,3.095799999999999841e+02,7.578400000000000318e+02
2.961299999999999955e+02,7.434500000000000455e+02,3.082300000000000182e+02,7.266299999999999955e+02,3.652300000000000182e+02,7.676399999999999864e+02,3.531299999999999955e+02,7.844600000000000364e+02
3.344499999999999886e+02,7.656799999999999500e+02,3.440400000000000205e+02,7.481599999999999682e+02,4.032400000000000091e+02,7.805399999999999636e+02,3.936499999999999773e+02,7.980700000000000500e+02
3.373799999999999955e+02,7.702200000000000273e+02,3.467200000000000273e+02,7.520599999999999454e+02,4.079200000000000159e+02,7.835000000000000000e+02,3.985799999999999841e+02,8.016599999999999682e+02
3.479900000000000091e+02,7.697500000000000000e+02,3.611200000000000045e+02,7.543999999999999773e+02,4.144200000000000159e+02,7.999800000000000182e+02,4.012900000000000205e+02,8.153300000000000409e+02
3.500699999999999932e+02,7.748600000000000136e+02,3.617099999999999795e+02,7.581399999999999864e+02,4.183700000000000045e+02,7.975599999999999454e+02,4.067400000000000091e+02,8.142799999999999727e+02
3.572699999999999818e+02,7.735199999999999818e+02,3.707500000000000000e+02,7.590700000000000500e+02,4.224599999999999795e+02,8.073200000000000500e+02,4.089800000000000182e+02,8.217699999999999818e+02
3.638700000000000045e+02,7.857200000000000273e+02,3.746100000000000136e+02,7.694600000000000364e+02,4.316600000000000250e+02,8.071699999999999591e+02,4.209200000000000159e+02,8.234199999999999591e+02
3.712300000000000182e+02,7.967000000000000455e+02,3.769300000000000068e+02,7.758400000000000318e+02,4.401200000000000045e+02,7.931299999999999955e+02,4.344100000000000250e+02,8.139900000000000091e+02
3.736100000000000136e+02,8.040399999999999636e+02,3.740899999999999750e+02,7.831699999999999591e+02,4.398700000000000045e+02,7.846799999999999500e+02,4.393899999999999864e+02,8.055599999999999454e+02
3.726200000000000045e+02,8.061399999999999864e+02,3.726499999999999773e+02,7.850099999999999909e+02,4.370099999999999909e+02,7.850800000000000409e+02,4.369900000000000091e+02,8.062100000000000364e+02
3.735799999999999841e+02,8.070299999999999727e+02,3.736000000000000227e+02,7.839900000000000091e+02,4.374499999999999886e+02,7.840399999999999636e+02,4.374399999999999977e+02,8.070700000000000500e+02
3.987699999999999818e+02,8.129800000000000182e+02,3.774800000000000182e+02,7.927599999999999909e+02,4.212200000000000273e+02,7.467100000000000364e+02,4.425099999999999909e+02,7.669400000000000546e+02
4.001299999999999955e+02,8.093799999999999955e+02,3.835099999999999909e+02,7.950199999999999818e+02,4.263000000000000114e+02,7.454600000000000364e+02,4.429200000000000159e+02,7.598099999999999454e+02
4.030400000000000205e+02,8.086100000000000136e+02,3.863299999999999841e+02,7.971399999999999864e+02,4.232300000000000182e+02,7.434099999999999682e+02,4.399399999999999977e+02,7.548899999999999864e+02
4.058399999999999750e+02,8.086599999999999682e+02,3.866499999999999773e+02,7.979500000000000455e+02,4.196200000000000045e+02,7.389099999999999682e+02,4.388100000000000023e+02,7.496200000000000045e+02
4.118700000000000045e+02,8.008600000000000136e+02,3.851899999999999977e+02,7.855099999999999909e+02,4.191999999999999886e+02,7.264500000000000455e+02,4.458700000000000045e+02,7.417999999999999545e+02
4.139399999999999977e+02,7.872999999999999545e+02,4.005600000000000023e+02,7.714199999999999591e+02,4.522599999999999909e+02,7.278799999999999955e+02,4.656399999999999864e+02,7.437599999999999909e+02
4.289300000000000068e+02,7.717400000000000091e+02,4.211100000000000136e+02,7.527599999999999909e+02,4.849499999999999886e+02,7.264600000000000364e+02,4.927699999999999818e+02,7.454500000000000455e+02
4.466299999999999955e+02,7.618300000000000409e+02,4.386800000000000068e+02,7.462200000000000273e+02,5.014700000000000273e+02,7.142500000000000000e+02,5.094200000000000159e+02,7.298600000000000136e+02
4.640899999999999750e+02,7.473899999999999864e+02,4.615299999999999727e+02,7.270499999999999545e+02,5.282200000000000273e+02,7.186599999999999682e+02,5.307799999999999727e+02,7.390000000000000000e+02
4.814499999999999886e+02,7.430000000000000000e+02,4.825600000000000023e+02,7.247000000000000455e+02,5.513700000000000045e+02,7.288700000000000045e+02,5.502599999999999909e+02,7.471699999999999591e+02
5.321000000000000227e+02,7.461499999999999773e+02,5.381799999999999500e+02,7.304199999999999591e+02,5.986699999999999591e+02,7.538500000000000227e+02,5.925800000000000409e+02,7.695700000000000500e+02
5.719800000000000182e+02,7.665499999999999545e+02,5.845199999999999818e+02,7.502000000000000455e+02,6.355700000000000500e+02,7.893400000000000318e+02,6.230299999999999727e+02,8.056900000000000546e+02
5.992200000000000273e+02,7.829299999999999500e+02,6.177699999999999818e+02,7.767100000000000364e+02,6.381000000000000227e+02,8.373500000000000227e+02,6.195499999999999545e+02,8.435599999999999454e+02
6.073899999999999864e+02,7.930000000000000000e+02,6.266000000000000227e+02,7.918700000000000045e+02,6.305800000000000409e+02,8.597599999999999909e+02,6.113700000000000045e+02,8.608899999999999864e+02
6.074099999999999682e+02,7.951399999999999864e+02,6.248200000000000500e+02,7.957200000000000273e+02,6.225000000000000000e+02,8.648099999999999454e+02,6.050900000000000318e+02,8.642200000000000273e+02
6.074800000000000182e+02,8.002300000000000182e+02,6.253799999999999955e+02,8.062899999999999636e+02,6.031299999999999955e+02,8.720299999999999727e+02,5.852200000000000273e+02,8.659700000000000273e+02
6.032400000000000091e+02,8.060900000000000318e+02,6.186699999999999591e+02,8.184700000000000273e+02,5.769800000000000182e+02,8.704400000000000546e+02,5.615499999999999545e+02,8.580599999999999454e+02
5.906499999999999773e+02,8.141299999999999955e+02,6.052799999999999727e+02,8.295800000000000409e+02,5.553300000000000409e+02,8.768999999999999773e+02,5.406900000000000546e+02,8.614500000000000455e+02
5.801100000000000136e+02,8.217799999999999727e+02,5.919199999999999591e+02,8.377200000000000273e+02,5.369700000000000273e+02,8.784500000000000455e+02,5.251499999999999773e+02,8.625099999999999909e+02
5.574800000000000182e+02,8.264500000000000455e+02,5.740099999999999909e+02,8.431399999999999864e+02,5.272699999999999818e+02,8.894500000000000455e+02,5.107400000000000091e+02,8.727699999999999818e+02
5.458300000000000409e+02,8.407000000000000455e+02,5.516599999999999682e+02,8.593600000000000136e+02,4.873199999999999932e+02,8.794500000000000455e+02,4.814900000000000091e+02,8.607799999999999727e+02
5.161699999999999591e+02,8.460399999999999636e+02,5.159600000000000364e+02,8.652300000000000182e+02,4.484499999999999886e+02,8.644800000000000182e+02,4.486700000000000159e+02,8.452899999999999636e+02
4.704200000000000159e+02,8.426100000000000136e+02,4.697400000000000091e+02,8.592699999999999818e+02,4.003299999999999841e+02,8.564199999999999591e+02,4.010099999999999909e+02,8.397599999999999909e+02
4.232900000000000205e+02,8.383600000000000136e+02,4.221299999999999955e+02,8.553400000000000318e+02,3.539700000000000273e+02,8.506900000000000546e+02,3.551299999999999955e+02,8.337100000000000364e+02
3.904300000000000068e+02,8.323999999999999773e+02,3.881200000000000045e+02,8.506799999999999500e+02,3.224599999999999795e+02,8.423799999999999955e+02,3.247699999999999818e+02,8.241000000000000227e+02
3.777799999999999727e+02,8.271100000000000136e+02,3.754800000000000182e+02,8.452100000000000364e+02,3.109800000000000182e+02,8.370199999999999818e+02,3.132799999999999727e+02,8.189199999999999591e+02
3.664399999999999977e+02,8.284199999999999591e+02,3.540000000000000000e+02,8.431200000000000045e+02,3.008899999999999864e+02,7.981699999999999591e+02,3.133299999999999841e+02,7.834600000000000364e+02
3.440099999999999909e+02,8.074600000000000364e+02,3.285299999999999727e+02,8.176699999999999591e+02,2.916299999999999955e+02,7.617100000000000364e+02,3.071000000000000227e+02,7.515099999999999909e+02
3.258899999999999864e+02,7.674299999999999500e+02,3.088199999999999932e+02,7.753200000000000500e+02,2.811100000000000136e+02,7.153500000000000227e+02,2.981800000000000068e+02,7.074600000000000364e+02
3.156800000000000068e+02,7.331599999999999682e+02,3.024399999999999977e+02,7.476100000000000136e+02,2.523700000000000045e+02,7.017200000000000273e+02,2.656200000000000045e+02,6.872699999999999818e+02
3.121100000000000136e+02,7.309299999999999500e+02,3.005400000000000205e+02,7.450099999999999909e+02,2.493000000000000114e+02,7.029199999999999591e+02,2.608700000000000045e+02,6.888400000000000318e+02
